1	203
1	730
1	1860
2	14
2	27
2	697
2	1906
3	112
3	330
3	590
3	907
4	701
4	1327
4	1346
5	133
5	469
5	470
5	1761
5	1820
6	49
6	822
6	1387
6	1415
6	1765
7	220
7	885
7	953
7	1579
8	990
8	1157
8	1503
9	407
9	812
9	1370
9	1977
10	120
10	745
10	1458
10	1473
11	863
11	1179
11	1552
11	1728
12	795
12	1319
12	1545
13	314
13	727
13	1267
13	1282
14	2
14	697
14	1906
15	138
15	650
15	749
15	1817
15	1837
16	97
16	192
16	1373
17	918
17	1148
17	1156
17	1543
17	1684
18	40
18	90
18	104
18	272
19	23
19	248
19	415
20	275
20	362
20	1134
21	325
21	494
21	770
21	998
22	29
22	126
22	1023
23	19
23	248
23	415
23	1233
24	473
24	778
24	1583
25	27
25	412
25	745
26	190
26	1131
26	1707
27	2
27	25
27	412
28	257
28	1146
28	1459
29	22
29	126
29	1023
29	1965
30	851
30	865
30	1913
31	223
31	1129
31	1918
32	379
32	981
32	1487
33	184
33	550
33	934
33	1569
34	109
34	990
34	1151
34	1790
35	278
35	1038
35	1068
36	53
36	759
36	1386
36	1843
37	160
37	451
37	736
37	1840
38	214
38	753
38	879
38	1605
38	1777
39	725
39	1006
39	1960
40	18
40	104
40	272
40	709
41	375
41	947
41	1337
41	1496
41	1793
42	657
42	948
42	1119
43	306
43	602
43	970
43	1430
44	513
44	520
44	539
44	1597
45	935
45	1296
45	1538
45	1800
45	1831
46	640
46	734
46	1025
46	1756
47	229
47	427
47	678
47	941
47	1853
48	1159
48	1341
48	1612
49	6
49	822
49	1415
49	1644
49	1765
50	148
50	401
50	1020
51	54
51	856
51	1420
52	874
52	1671
52	1917
53	36
53	1386
53	1843
54	51
54	324
54	1642
55	616
55	1166
55	1855
56	893
56	1008
56	1033
57	489
57	1218
57	1661
58	875
58	1403
58	1971
59	221
59	638
59	1255
59	1345
59	1722
60	61
60	167
60	1437
60	1545
60	1640
61	60
61	124
61	769
61	1060
62	1203
62	1474
62	1824
62	1994
63	73
63	729
63	1284
63	1562
63	1920
64	1250
64	1292
64	1554
65	531
65	1055
65	1675
65	1914
66	864
66	1552
66	1973
67	240
67	588
67	1872
68	190
68	474
68	1780
68	1962
69	963
69	1640
69	1766
70	347
70	444
70	967
70	989
70	1336
71	1785
71	1809
71	1949
72	860
72	1615
72	1685
73	63
73	1491
73	1562
74	519
74	646
74	1323
75	490
75	1504
75	1687
76	101
76	1693
76	1718
76	1788
77	108
77	283
77	341
78	179
78	708
78	1000
79	138
79	653
79	749
79	1817
80	996
80	1449
80	1480
80	1625
81	1128
81	1720
81	1811
82	164
82	269
82	1736
83	340
83	636
83	752
84	295
84	1237
84	1359
84	1819
85	155
85	927
85	938
86	303
86	806
86	932
86	1721
86	1925
87	312
87	524
87	768
88	247
88	442
88	1444
88	1503
89	805
89	1350
89	1368
90	18
90	104
90	272
91	333
91	764
91	1046
91	1363
91	1979
92	437
92	464
92	1050
93	119
93	579
93	992
93	1078
93	1727
94	607
94	732
94	826
94	886
95	394
95	1213
95	1939
96	381
96	1536
96	1922
97	16
97	1373
97	1381
98	1069
98	1246
98	1903
99	110
99	1082
99	1984
100	322
100	1466
100	1743
101	76
101	705
101	1118
101	1693
101	1788
102	230
102	262
102	1745
102	1935
103	241
103	574
103	591
103	1435
103	1647
104	18
104	40
104	90
104	1430
105	254
105	846
105	1627
105	1881
105	1894
106	331
106	845
106	1057
107	381
107	1833
107	1922
108	77
108	283
108	341
108	1472
108	1573
109	34
109	990
109	1151
110	99
110	608
110	1082
110	1941
110	1984
111	319
111	1140
111	1874
112	3
112	590
112	907
113	155
113	1538
113	1667
114	1613
114	1725
114	1731
114	1746
115	565
115	1032
115	1598
116	212
116	287
116	391
116	515
116	1558
117	237
117	1138
117	1165
117	1312
118	228
118	385
118	664
119	93
119	579
119	1469
119	1727
119	1947
120	10
120	790
120	864
120	917
120	1702
121	291
121	513
121	1206
122	665
122	674
122	824
123	374
123	891
123	1147
124	61
124	769
124	1557
124	1616
125	655
125	1523
125	1735
125	1919
125	1941
126	22
126	29
126	1023
126	1125
127	180
127	679
127	1547
128	962
128	1084
128	1395
128	1402
129	675
129	1037
129	1143
129	1596
130	481
130	750
130	1667
131	310
131	831
131	1817
131	1911
132	282
132	284
132	1285
133	5
133	469
133	470
133	1161
134	215
134	269
134	459
134	1341
134	1621
135	279
135	1366
135	1617
135	1660
136	298
136	848
136	1036
137	658
137	817
137	1230
137	1580
138	15
138	79
138	1039
138	1817
138	1837
139	416
139	750
139	809
139	1870
140	159
140	1087
140	1629
141	245
141	640
141	1021
141	1485
141	1928
142	295
142	921
142	1986
143	345
143	1017
143	1177
144	265
144	627
144	1291
144	1401
144	1632
145	986
145	1360
145	1798
146	372
146	1210
146	1262
146	1327
146	1365
147	227
147	780
147	1821
148	50
148	401
148	1020
148	1456
149	1108
149	1536
149	1653
150	173
150	754
150	857
151	1051
151	1190
151	1354
151	1739
152	1043
152	1115
152	1585
152	1889
152	1980
153	411
153	1404
153	1425
154	624
154	661
154	914
154	1174
154	1963
155	85
155	113
155	927
155	1560
156	696
156	741
156	1546
156	1726
157	178
157	470
157	959
157	1318
158	420
158	1400
158	1435
159	140
159	1087
159	1629
160	37
160	451
160	485
160	736
160	1840
161	462
161	1099
161	1272
162	766
162	1016
162	1457
163	732
163	886
163	1359
164	82
164	665
164	1736
164	1877
164	1998
165	1398
165	1449
165	1497
165	1561
166	332
166	1158
166	1184
166	1187
167	60
167	1437
167	1545
167	1640
168	360
168	696
168	1676
169	747
169	905
169	1132
170	264
170	985
170	1094
171	172
171	813
171	926
171	1044
172	171
172	553
172	813
172	926
173	150
173	661
173	754
173	1696
174	1185
174	1347
174	1955
175	1056
175	1306
175	1952
176	599
176	678
176	1872
177	289
177	428
177	1471
178	157
178	1072
178	1318
179	78
179	988
179	1387
179	1439
180	127
180	373
180	679
181	462
181	1305
181	1717
181	1759
182	580
182	1131
182	1337
182	1934
183	984
183	1031
183	1269
183	1743
183	1921
184	33
184	505
184	806
184	934
184	1569
185	743
185	1003
185	1963
186	467
186	641
186	885
186	1048
187	358
187	589
187	1014
188	496
188	803
188	958
188	1167
188	1694
189	748
189	1011
189	1079
189	1154
189	1263
190	26
190	68
190	1707
191	471
191	590
191	1679
192	16
192	1033
192	1373
193	349
193	1135
193	1283
194	518
194	1245
194	1839
194	1869
195	1199
195	1308
195	1482
195	1566
196	425
196	432
196	1010
197	304
197	749
197	1035
197	1456
198	239
198	312
198	418
198	476
198	1744
199	1446
199	1879
199	1921
200	408
200	547
200	1223
200	1735
201	319
201	1097
201	1749
202	271
202	887
202	1414
202	1528
203	1
203	249
203	1011
203	1079
204	595
204	1673
204	1692
204	1923
205	320
205	392
205	1004
206	563
206	850
206	1383
206	1639
207	246
207	290
207	1314
207	1724
208	1592
208	1681
208	1823
209	469
209	781
209	951
209	1206
209	1971
210	253
210	373
210	1213
210	1378
210	1648
211	376
211	607
211	722
212	116
212	1636
212	1936
213	785
213	863
213	1477
213	1708
214	38
214	753
214	1777
215	134
215	269
215	459
215	1621
216	666
216	693
216	939
216	1679
217	1086
217	1330
217	1672
218	349
218	802
218	1532
219	1113
219	1209
219	1618
220	7
220	921
220	999
220	1955
221	59
221	858
221	1345
222	458
222	1453
222	1970
223	31
223	1129
223	1918
224	486
224	493
224	680
225	852
225	1170
225	1614
225	1741
226	297
226	1062
226	1943
226	1948
227	147
227	1375
227	1701
228	118
228	1501
228	1722
229	47
229	508
229	941
229	1853
229	1983
230	102
230	262
230	1745
231	551
231	569
231	1181
231	1907
232	434
232	961
232	1279
233	240
233	1061
233	1499
234	658
234	1565
234	1599
234	1608
234	1713
235	352
235	1026
235	1042
235	1311
235	1995
236	463
236	482
236	1472
236	1865
236	1944
237	117
237	344
237	1828
237	1847
237	1967
238	399
238	1687
238	1707
238	1779
239	198
239	327
239	471
239	476
239	1744
240	67
240	233
240	588
241	103
241	574
241	591
241	1647
242	820
242	1132
242	1583
243	979
243	1231
243	1890
244	557
244	735
244	969
244	1569
244	1965
245	141
245	640
245	1021
245	1485
245	1977
246	207
246	1486
246	1787
247	88
247	442
247	1143
247	1444
248	19
248	23
248	415
249	203
249	679
249	1079
249	1154
250	604
250	742
250	1783
251	610
251	852
251	1526
252	1175
252	1462
252	1822
253	210
253	840
253	898
253	1827
254	105
254	846
254	1277
254	1627
254	1881
255	940
255	1457
255	1471
256	334
256	808
256	1130
256	1348
256	1836
257	28
257	1146
257	1301
257	1459
258	446
258	518
258	1245
258	1869
259	417
259	699
259	895
260	725
260	882
260	1651
260	1659
260	1737
261	308
261	788
261	1991
262	102
262	230
262	547
262	1483
262	1935
263	422
263	1511
263	1928
264	170
264	382
264	439
264	1221
265	144
265	687
265	1291
265	1632
266	1298
266	1481
266	1929
267	338
267	423
267	528
267	1710
267	1920
268	672
268	847
268	1628
268	1969
269	82
269	134
269	215
269	459
270	804
270	1633
270	1771
271	202
271	887
271	1414
271	1528
271	1979
272	18
272	40
272	90
273	853
273	987
273	1880
274	395
274	731
274	1709
274	1949
275	20
275	362
275	588
275	1134
276	1339
276	1625
276	1769
276	1930
276	1987
277	890
277	1122
277	1388
278	35
278	1068
278	1295
279	135
279	365
279	1366
279	1617
280	479
280	498
280	1081
280	1289
280	1448
281	633
281	1040
281	1216
281	1622
282	132
282	284
282	1309
283	77
283	108
283	341
283	1573
284	132
284	282
284	1109
284	1421
285	599
285	896
285	1509
286	1008
286	1084
286	1946
287	116
287	391
287	884
287	1558
288	606
288	1252
288	1344
288	1563
288	1803
289	177
289	428
289	1594
290	207
290	387
290	465
291	121
291	951
291	1464
292	647
292	1083
292	1159
293	314
293	727
293	1282
294	461
294	668
294	1265
295	84
295	142
295	1293
296	311
296	527
296	549
296	936
296	1553
297	226
297	912
297	1062
298	136
298	723
298	1036
298	1228
298	1549
299	635
299	1176
299	1433
300	1179
300	1295
300	1552
301	611
301	685
301	1268
301	1651
301	1856
302	326
302	472
302	511
303	86
303	915
303	932
303	1721
303	1925
304	197
304	997
304	999
304	1035
304	1456
305	445
305	478
305	1002
306	43
306	602
306	1430
306	1677
307	613
307	1719
307	1830
308	261
308	498
308	541
308	788
309	617
309	980
309	1202
310	131
310	831
310	1911
311	296
311	527
311	904
311	1553
312	87
312	198
312	768
313	317
313	826
313	1303
313	1358
313	1577
314	13
314	293
314	727
314	886
314	1282
315	738
315	1186
315	1394
315	1431
316	991
316	1259
316	1377
317	313
317	1358
317	1577
318	454
318	922
318	1775
319	111
319	201
319	1874
320	205
320	392
320	1004
321	1053
321	1465
321	1983
322	100
322	1152
322	1466
323	637
323	1261
323	1467
324	54
324	511
324	1150
324	1642
325	21
325	494
325	770
325	998
325	1305
326	302
326	472
326	1489
326	1507
326	1806
327	239
327	418
327	1744
328	403
328	1136
328	1593
329	1065
329	1428
329	1531
330	3
330	590
330	907
331	106
331	431
331	711
331	819
331	1338
332	166
332	1158
332	1184
333	91
333	1363
333	1972
334	256
334	1436
334	1716
335	554
335	888
335	1515
336	780
336	1533
336	1821
336	1892
337	468
337	1073
337	1576
338	267
338	528
338	705
338	1710
338	1920
339	855
339	861
339	1123
340	83
340	346
340	717
341	77
341	108
341	283
341	1573
342	666
342	693
342	939
343	364
343	1034
343	1422
343	1525
343	1825
344	237
344	910
344	964
344	1847
344	1967
345	143
345	1177
345	1221
346	340
346	717
346	1512
347	70
347	444
347	1336
348	977
348	1630
348	1834
349	193
349	218
349	650
349	1078
349	1135
350	436
350	1071
350	1302
350	1683
350	1826
351	452
351	616
351	1855
352	235
352	965
352	1311
352	1993
353	593
353	721
353	773
353	994
353	1104
354	536
354	1017
354	1501
355	592
355	1082
355	1102
356	1111
356	1193
356	1404
356	1547
356	1753
357	455
357	1053
357	1526
358	187
358	589
358	1774
359	438
359	634
359	1555
360	168
360	696
360	911
361	1328
361	1425
361	1497
362	20
362	275
362	1134
363	1189
363	1300
363	1498
364	343
364	1034
364	1825
365	279
365	709
365	1030
366	673
366	1849
366	1992
367	1120
367	1375
367	1715
368	835
368	876
368	1073
368	1940
369	507
369	903
369	1278
369	1403
370	1527
370	1676
370	1745
370	1803
371	456
371	475
371	1814
372	146
372	1262
372	1365
373	180
373	210
373	1213
373	1648
374	123
374	1147
374	1219
375	41
375	947
375	1496
375	1793
375	1972
376	211
376	607
376	722
377	543
377	655
377	1038
377	1606
378	521
378	670
378	1427
379	32
379	981
379	1487
380	900
380	1314
380	1724
381	96
381	107
381	1922
382	264
382	439
382	1221
383	928
383	1815
383	1866
384	1104
384	1107
384	1108
384	1306
384	1799
385	118
385	664
385	1750
386	566
386	759
386	827
387	290
387	465
387	639
387	1397
388	688
388	1320
388	1793
389	883
389	930
389	1121
390	619
390	716
390	1663
391	116
391	287
391	1558
392	205
392	320
392	1004
393	622
393	871
393	1039
394	95
394	1319
394	1939
395	274
395	1709
395	1949
396	927
396	1276
396	1513
397	584
397	1475
397	1748
398	1124
398	1411
398	1897
399	238
399	592
399	1687
399	1779
399	1990
400	1026
400	1311
400	1995
401	50
401	148
401	1020
401	1915
402	870
402	950
402	1704
403	328
403	1466
403	1593
404	561
404	1460
404	1530
405	406
405	1077
405	1247
406	405
406	1077
406	1247
406	1859
407	9
407	812
407	1370
408	200
408	547
408	1223
409	562
409	1027
409	1133
410	441
410	1802
410	1901
411	153
411	1425
411	1622
412	25
412	27
412	1324
413	454
413	1100
413	1264
413	1321
413	1904
414	450
414	581
414	1281
414	1393
414	1878
415	19
415	23
415	248
415	1214
416	139
416	809
416	1870
417	259
417	699
417	1153
418	198
418	327
418	476
418	1744
419	582
419	631
419	1096
419	1670
420	158
420	493
420	1009
420	1666
421	804
421	1427
421	1565
421	1931
422	263
422	1511
422	1928
422	1957
423	267
423	1207
423	1857
424	643
424	1479
424	1856
425	196
425	432
425	1010
426	771
426	1255
426	1602
426	1698
426	1875
427	47
427	680
427	1007
428	177
428	289
428	1647
429	875
429	1199
429	1812
429	1971
430	1090
430	1519
430	1673
430	1964
431	331
431	691
431	711
431	819
431	1379
432	196
432	425
432	1010
432	1656
433	603
433	1093
433	1169
434	232
434	953
434	961
434	1279
435	1153
435	1292
435	1801
436	350
436	1302
436	1826
437	92
437	464
437	1050
438	359
438	634
438	1091
439	264
439	382
439	1221
439	1669
440	538
440	832
440	884
440	1692
440	1727
441	410
441	1036
441	1802
441	1901
442	88
442	247
442	1444
443	676
443	786
443	1195
443	1578
444	70
444	347
444	967
445	305
445	587
445	706
446	258
446	1245
446	1839
446	1869
447	652
447	731
447	904
447	1168
448	1022
448	1124
448	1684
448	1807
449	576
449	989
449	1212
449	1972
450	414
450	460
450	755
450	1535
451	37
451	160
451	485
451	1226
452	351
452	616
452	1855
453	630
453	691
453	919
453	1191
454	318
454	413
454	1775
455	357
455	1053
455	1868
456	371
456	1631
456	1814
457	982
457	1515
457	1858
458	222
458	631
458	1970
459	134
459	215
459	269
459	1465
459	1621
460	450
460	755
460	1535
461	294
461	668
461	1078
462	161
462	181
462	1305
462	1759
463	236
463	605
463	869
463	1391
463	1589
464	92
464	437
464	928
464	1050
465	290
465	387
465	639
465	1922
466	481
466	623
466	1316
467	186
467	641
467	795
467	885
468	337
468	520
468	523
468	1497
468	1915
469	5
469	133
469	209
469	470
469	1161
470	5
470	133
470	157
470	469
470	1820
471	191
471	239
471	1679
472	302
472	326
472	587
472	1489
472	1507
473	24
473	778
473	1331
474	68
474	1780
474	1962
475	371
475	756
475	1399
476	198
476	239
476	418
477	814
477	1624
477	1797
478	305
478	1002
478	1098
479	280
479	1289
479	1448
480	1088
480	1781
480	1975
481	130
481	466
481	750
482	236
482	1372
482	1472
483	577
483	1066
483	1115
483	1518
483	1878
484	491
484	956
484	1495
484	1883
484	1906
485	160
485	451
485	736
486	224
486	680
486	1591
487	1236
487	1600
487	1711
487	1976
488	830
488	1015
488	1141
489	57
489	879
489	1218
490	75
490	789
490	1504
490	1806
490	1982
491	484
491	956
491	1495
491	1607
491	1883
492	512
492	954
492	1758
493	224
493	420
493	1009
493	1666
494	21
494	325
494	770
494	1101
495	871
495	1136
495	1190
496	188
496	1439
496	1694
497	779
497	1650
497	1699
497	1751
497	1887
498	280
498	308
498	541
499	800
499	1521
499	1909
500	1034
500	1512
500	1525
500	1825
501	653
501	1127
501	1372
501	1945
502	597
502	920
502	1912
503	1222
503	1361
503	1664
504	1145
504	1761
504	1762
505	184
505	1257
505	1587
506	1019
506	1380
506	1409
507	369
507	743
507	903
507	1278
507	1403
508	229
508	941
508	1007
508	1428
508	1853
509	1043
509	1240
509	1585
509	1861
510	797
510	873
510	1732
510	1912
511	302
511	324
511	1150
511	1642
512	492
512	954
512	1564
512	1758
513	44
513	121
513	539
513	1597
514	1212
514	1364
514	1413
515	116
515	834
515	1558
516	794
516	1080
516	1644
517	1416
517	1742
517	1765
518	194
518	258
518	554
519	74
519	646
519	1323
520	44
520	468
520	523
520	1211
520	1915
521	378
521	670
521	749
522	704
522	1201
522	1863
523	468
523	520
523	1211
523	1860
523	1915
524	87
524	567
524	570
524	1442
525	1333
525	1422
525	1862
526	911
526	993
526	1353
526	1495
527	296
527	311
527	904
527	936
528	267
528	338
528	529
528	1710
528	1920
529	528
529	651
529	660
529	1112
530	669
530	787
530	1634
531	65
531	1055
531	1914
532	724
532	1603
532	1723
532	1733
533	892
533	1029
533	1556
533	1571
534	1320
534	1344
534	1916
535	782
535	1324
535	1369
535	1493
535	1572
536	354
536	1017
536	1927
537	683
537	1260
537	1470
538	440
538	884
538	1055
538	1692
539	44
539	513
539	1597
540	1313
540	1384
540	1432
540	1534
540	1871
541	308
541	498
541	788
541	1857
542	566
542	1226
542	1533
543	377
543	655
543	821
543	1038
543	1606
544	567
544	570
544	1028
545	843
545	1042
545	1129
545	1452
546	952
546	1208
546	1343
547	200
547	262
547	408
547	1223
548	845
548	1219
548	1379
549	296
549	644
549	1833
550	33
550	713
550	816
551	231
551	1181
551	1907
552	762
552	1142
552	1760
552	1763
552	1787
553	172
553	813
553	926
554	335
554	518
554	888
555	695
555	1317
555	1626
556	1064
556	1405
556	1700
556	1797
557	244
557	735
557	969
557	1965
558	793
558	1224
558	1534
559	745
559	1458
559	1776
560	1328
560	1339
560	1497
561	404
561	1460
561	1530
561	1535
562	409
562	1027
562	1133
563	206
563	1383
563	1639
564	814
564	824
564	1210
565	115
565	1346
565	1598
566	386
566	542
566	1226
567	524
567	544
567	1442
568	799
568	842
568	1902
569	231
569	1899
569	1978
570	524
570	544
570	1442
570	1473
571	784
571	833
571	841
571	1100
571	1273
572	815
572	1126
572	1307
572	1397
573	1114
573	1542
573	1588
573	1808
574	103
574	241
574	591
574	1647
574	1742
575	689
575	1205
575	1235
575	1468
576	449
576	989
576	1212
576	1972
577	483
577	1066
577	1115
577	1518
578	1063
578	1355
578	1540
578	1653
578	1838
579	93
579	119
579	1469
579	1727
580	182
580	632
580	1412
581	414
581	1393
581	1878
582	419
582	631
582	1096
582	1670
582	1864
583	872
583	1677
583	1954
584	397
584	848
584	1475
585	860
585	1194
585	1685
585	1866
586	837
586	1312
586	1376
586	1859
586	1900
587	445
587	472
587	706
588	67
588	240
588	275
589	187
589	358
589	960
590	3
590	112
590	191
590	330
590	907
591	103
591	241
591	574
591	1647
591	1712
592	355
592	399
592	1102
593	353
593	702
593	721
593	994
594	663
594	698
594	1850
595	204
595	1673
595	1923
595	1969
596	859
596	1059
596	1992
597	502
597	920
597	1149
598	894
598	1258
598	1762
598	1810
599	176
599	285
599	1509
600	686
600	858
600	1759
601	849
601	1196
601	1623
602	43
602	306
602	1430
603	433
603	1093
603	1169
603	1294
604	250
604	742
604	1783
605	463
605	869
605	1391
605	1589
606	288
606	798
606	1252
606	1563
607	94
607	211
607	376
607	722
608	110
608	1082
608	1775
608	1984
609	648
609	1187
609	1715
610	251
610	1367
610	1526
611	301
611	685
611	969
611	1268
611	1651
612	861
612	1089
612	1407
612	1570
613	307
613	1619
613	1719
613	1830
613	1881
614	910
614	1885
614	1902
615	712
615	763
615	889
615	1476
616	55
616	351
616	452
616	1855
617	309
617	980
617	1202
618	1654
618	1703
618	1888
619	390
619	716
619	1257
620	667
620	1505
620	1524
621	1203
621	1390
621	1961
622	393
622	1039
622	1237
623	466
623	1177
623	1316
624	154
624	1097
624	1749
625	896
625	1418
625	1985
626	1274
626	1712
626	1989
627	144
627	1231
627	1291
627	1632
628	983
628	1757
628	1926
629	1098
629	1401
629	1691
629	1933
630	453
630	691
630	907
630	919
631	419
631	458
631	582
631	1096
631	1670
632	580
632	867
632	1412
633	281
633	1040
633	1216
633	1622
634	359
634	438
634	1668
635	299
635	1176
635	1352
635	1433
636	83
636	752
636	1169
637	323
637	656
637	1261
637	1467
637	1998
638	59
638	1345
638	1767
639	387
639	465
639	906
639	1792
640	46
640	141
640	245
640	1977
641	186
641	467
641	885
642	1703
642	1894
642	1999
643	424
643	1113
643	1856
644	549
644	663
644	1833
645	1160
645	1225
645	1539
645	1636
645	1706
646	74
646	519
646	1323
647	292
647	1083
647	1597
648	609
648	1187
648	1310
649	815
649	1582
649	1595
649	1895
650	15
650	349
650	1078
650	1135
651	529
651	660
651	956
651	1112
652	447
652	731
652	791
652	1094
652	1168
653	79
653	501
653	829
653	1945
654	708
654	946
654	1351
654	1991
655	125
655	377
655	543
655	1038
656	637
656	1261
656	1467
657	42
657	948
657	1119
657	1932
658	137
658	234
658	1599
658	1713
658	1773
659	870
659	1249
659	1575
660	529
660	651
660	1112
660	1498
661	154
661	173
661	914
661	1174
661	1963
662	954
662	1274
662	1748
663	594
663	644
663	698
663	1850
664	118
664	385
664	839
665	122
665	164
665	824
666	216
666	342
666	1432
667	620
667	1524
667	1685
668	294
668	461
668	690
669	530
669	787
669	1634
669	1841
670	378
670	521
670	1867
671	828
671	846
671	937
672	268
672	847
672	1442
672	1969
673	366
673	1849
673	1911
674	122
674	1551
674	1586
675	129
675	891
675	1143
676	443
676	951
676	1166
676	1246
677	1155
677	1219
677	1379
678	47
678	176
678	1872
679	127
679	180
679	249
680	224
680	427
680	486
681	1000
681	1125
681	1242
682	866
682	1441
682	1818
683	537
683	785
683	1260
684	1590
684	1795
684	1996
685	301
685	611
685	699
685	1268
685	1876
686	600
686	858
686	1251
687	265
687	1349
687	1884
687	1953
688	388
688	1047
688	1320
689	575
689	1235
689	1468
690	668
690	860
690	1194
690	1615
690	1685
691	431
691	453
691	630
691	919
692	992
692	1436
692	1610
693	216
693	342
693	939
693	942
694	821
694	947
694	1110
694	1607
695	555
695	1157
695	1317
695	1626
696	156
696	168
696	360
697	2
697	14
697	1906
698	594
698	663
698	1137
698	1850
699	259
699	417
699	685
700	775
700	1541
700	1548
701	4
701	1346
701	1600
702	593
702	1293
702	1974
702	1986
703	1322
703	1584
703	1645
704	522
704	1174
704	1863
705	101
705	338
705	1710
705	1920
706	445
706	587
706	1626
707	807
707	1117
707	1755
708	78
708	654
708	1000
709	40
709	365
709	1030
710	767
710	789
710	975
710	1893
711	331
711	431
711	819
711	1338
711	1827
712	615
712	763
712	1476
712	1758
713	550
713	816
713	1059
714	1183
714	1594
714	1937
715	1144
715	1527
715	1803
716	390
716	619
716	975
716	1371
717	340
717	346
717	1512
717	1825
718	797
718	909
718	925
718	1215
718	1646
719	1325
719	1529
719	1690
720	1006
720	1195
720	1204
721	353
721	593
721	773
721	923
722	211
722	376
722	607
723	298
723	931
723	1549
724	532
724	1452
724	1603
724	1723
724	1733
725	39
725	260
725	1960
726	1211
726	1299
726	1315
726	1772
727	13
727	293
727	314
727	747
727	1282
728	733
728	1717
728	1968
729	63
729	1217
729	1284
729	1562
730	1
730	1182
730	1860
731	274
731	447
731	652
731	791
731	1168
732	94
732	163
732	886
733	728
733	1717
733	1847
733	1968
734	46
734	1032
734	1362
735	244
735	557
735	969
735	1650
735	1965
736	37
736	160
736	485
736	898
736	1840
737	966
737	1209
737	1297
737	1613
738	315
738	1186
738	1394
739	746
739	897
739	933
739	1475
740	975
740	1846
740	1927
741	156
741	1198
741	1546
741	1726
742	250
742	604
742	1783
743	185
743	507
743	1003
744	933
744	1138
744	1165
744	1312
744	1448
745	10
745	25
745	559
745	1049
745	1458
746	739
746	897
746	933
746	1109
746	1544
747	169
747	727
747	1132
748	189
748	830
748	1483
748	1745
748	1935
749	15
749	79
749	197
749	521
750	130
750	139
750	481
751	859
751	1408
751	1505
752	83
752	636
752	840
753	38
753	214
753	879
753	1777
754	150
754	173
754	1696
755	450
755	460
755	1323
756	475
756	932
756	1399
756	1966
757	1048
757	1502
757	1661
758	854
758	1054
758	1438
759	36
759	386
759	827
760	1026
760	1479
760	1699
761	1137
761	1149
761	1198
761	1851
762	552
762	959
762	1760
763	615
763	712
763	1315
763	1476
764	91
764	1003
764	1046
764	1363
765	950
765	1164
765	1845
766	162
766	1016
766	1457
767	710
767	789
767	1893
767	1916
768	87
768	312
768	1244
769	61
769	124
769	1060
769	1158
769	1616
770	21
770	325
770	494
770	998
770	1207
771	426
771	922
771	1698
771	1875
771	1988
772	908
772	1001
772	1612
773	353
773	721
773	994
774	1074
774	1608
774	1740
775	700
775	1095
775	1655
776	943
776	1092
776	1188
777	801
777	1786
777	1924
777	1973
778	24
778	473
778	1948
779	497
779	1650
779	1751
779	1824
779	1887
780	147
780	336
780	1065
780	1821
780	1892
781	209
781	1206
781	1464
782	535
782	1171
782	1324
782	1369
782	1493
783	1228
783	1258
783	1587
784	571
784	833
784	1273
785	213
785	683
785	863
785	1658
785	1708
786	443
786	1166
786	1239
786	1578
786	1674
787	530
787	669
787	1603
787	1634
788	261
788	308
788	541
789	490
789	710
789	767
789	1893
790	120
790	901
790	917
790	1585
790	1702
791	652
791	731
791	1168
792	1385
792	1500
792	1537
792	1557
792	1568
793	558
793	856
793	1224
793	1396
793	1534
794	516
794	1080
794	1644
795	12
795	467
795	1319
796	1029
796	1403
796	1556
796	1571
797	510
797	718
797	909
798	606
798	1252
798	1563
799	568
799	842
799	1902
800	499
800	1521
800	1909
801	777
801	1786
801	1924
802	218
802	913
802	1532
803	188
803	949
803	971
803	1668
804	270
804	421
804	1633
804	1771
805	89
805	1350
805	1467
806	86
806	184
806	934
806	1569
807	707
807	872
807	1117
807	1755
808	256
808	1348
808	1389
808	1836
809	139
809	416
809	1870
809	1952
810	1322
810	1584
810	1645
810	1694
811	857
811	1139
811	1252
811	1695
811	1938
812	9
812	407
812	1370
813	171
813	172
813	553
813	926
814	477
814	564
814	1210
815	572
815	649
815	1582
815	1595
815	1895
816	550
816	713
816	1083
817	137
817	1230
817	1580
818	1200
818	1490
818	1886
819	331
819	431
819	711
819	1338
820	242
820	1223
820	1583
821	543
821	694
821	1110
821	1607
822	6
822	49
822	1765
823	882
823	1367
823	1796
824	122
824	564
824	665
825	945
825	1155
825	1800
826	94
826	313
826	1358
827	386
827	759
827	1766
828	671
828	937
828	1903
829	653
829	1335
829	1342
830	488
830	748
830	1141
831	131
831	310
831	1437
832	440
832	884
832	1692
833	571
833	784
833	841
833	877
834	515
834	1244
834	1574
834	1730
834	1842
835	368
835	876
835	1940
836	867
836	1301
836	1637
837	586
837	1376
837	1859
837	1900
838	983
838	1302
838	1728
839	664
839	1163
839	1251
839	1300
840	253
840	752
840	891
840	898
840	1827
841	571
841	833
841	1273
842	568
842	799
842	1902
843	545
843	1042
843	1452
843	1527
844	1072
844	1308
844	1440
845	106
845	548
845	1057
846	105
846	254
846	671
846	1627
846	1881
847	268
847	672
847	1628
847	1772
847	1969
848	136
848	584
848	931
848	1036
848	1549
849	601
849	1290
849	1508
849	1951
850	206
850	1383
850	1639
851	30
851	865
851	1332
851	1764
851	1913
852	225
852	251
852	1170
852	1614
853	273
853	987
853	1918
854	758
854	1054
854	1438
855	339
855	944
855	1455
856	51
856	793
856	1420
857	150
857	811
857	1139
857	1695
857	1938
858	221
858	600
858	686
859	596
859	751
859	1059
859	1517
859	1992
860	72
860	585
860	690
860	985
860	1615
861	339
861	612
861	1123
862	1494
862	1638
862	1774
863	11
863	213
863	785
863	1658
863	1708
864	66
864	120
864	1973
865	30
865	851
865	1332
865	1913
866	682
866	1441
866	1794
866	1818
867	632
867	836
867	1301
867	1637
868	924
868	986
868	1360
868	1798
869	463
869	605
869	1021
869	1391
870	402
870	659
870	942
870	1704
870	1741
871	393
871	495
871	1190
872	583
872	807
872	1117
872	1755
873	510
873	1004
873	1689
873	1732
873	1912
874	52
874	1671
874	1917
875	58
875	429
875	1336
875	1812
875	1971
876	368
876	835
876	1220
876	1380
876	1940
877	833
877	1678
877	1947
878	1303
878	1357
878	1419
878	1484
878	1994
879	38
879	489
879	753
879	1777
880	970
880	1013
880	1849
881	1052
881	1555
881	1891
882	260
882	823
882	1659
882	1737
882	1816
883	389
883	930
883	1121
883	1288
884	287
884	440
884	538
884	832
884	1692
885	7
885	186
885	467
885	641
886	94
886	163
886	314
886	732
887	202
887	271
887	1414
887	1835
887	1979
888	335
888	554
888	1118
889	615
889	1631
889	1867
890	277
890	1581
890	1790
891	123
891	675
891	840
891	898
891	1827
892	533
892	1012
892	1106
892	1672
893	56
893	1033
893	1361
894	598
894	1762
894	1810
895	259
895	1044
895	1805
895	1988
896	285
896	625
896	1418
896	1985
897	739
897	746
897	1443
897	1544
898	253
898	736
898	840
898	891
898	1827
899	916
899	1510
899	1683
900	380
900	1314
900	1724
901	790
901	917
901	1702
902	1271
902	1307
902	1657
902	1705
903	369
903	507
903	1271
903	1278
903	1403
904	311
904	447
904	527
904	937
904	1553
905	169
905	995
905	1266
906	639
906	1650
906	1751
907	3
907	112
907	330
907	590
907	630
908	772
908	1001
908	1612
908	1910
909	718
909	797
909	925
910	344
910	614
910	1885
911	360
911	526
911	993
911	1243
911	1353
912	297
912	924
912	1956
913	802
913	973
913	1510
914	154
914	661
914	1174
915	303
915	938
915	1204
916	899
916	1090
916	1683
917	120
917	790
917	901
918	17
918	1156
918	1684
919	453
919	630
919	691
920	502
920	597
920	1128
920	1149
921	142
921	220
921	1955
922	318
922	771
922	1280
922	1602
923	721
923	1450
923	1601
924	868
924	912
924	1214
924	1956
925	718
925	909
925	1215
926	171
926	172
926	553
926	813
927	85
927	155
927	396
927	1560
928	383
928	464
928	1866
929	1120
929	1481
929	1662
929	1778
929	1873
930	389
930	883
930	1121
931	723
931	848
931	1016
931	1549
932	86
932	303
932	756
932	1721
932	1925
933	739
933	744
933	746
933	1443
933	1544
934	33
934	184
934	806
934	1045
934	1569
935	45
935	1800
935	1831
936	296
936	527
936	1262
937	671
937	828
937	904
938	85
938	915
938	1204
939	216
939	342
939	693
939	1134
939	1202
940	255
940	1374
940	1471
941	47
941	229
941	508
941	1007
942	693
942	870
942	1704
942	1741
943	776
943	1092
943	1188
944	855
944	1455
944	1577
945	825
945	1155
945	1936
946	654
946	1318
946	1351
946	1991
947	41
947	375
947	694
947	1793
947	1926
948	42
948	657
948	1119
948	1553
948	1932
949	803
949	971
949	1668
949	1788
950	402
950	765
950	1845
951	209
951	291
951	676
951	1206
951	1464
952	546
952	1208
952	1304
952	1343
953	7
953	434
953	1395
953	1579
953	1950
954	492
954	512
954	662
954	1564
954	1758
955	1329
955	1331
955	1609
956	484
956	491
956	651
956	1357
956	1495
957	988
957	1085
957	1665
957	1905
958	188
958	1167
958	1694
959	157
959	762
959	1126
959	1318
960	589
960	1424
960	1734
961	232
961	434
961	1279
962	128
962	1084
962	1402
963	69
963	1766
963	1891
964	344
964	1847
964	1967
965	352
965	1311
965	1995
966	737
966	1297
966	1613
967	70
967	444
967	1336
968	1232
968	1267
968	1750
969	244
969	557
969	611
969	735
969	1965
970	43
970	880
970	1013
971	803
971	949
971	1668
972	1093
972	1169
972	1714
973	913
973	1444
973	1510
974	1239
974	1586
974	1605
975	710
975	716
975	740
975	1663
976	1646
976	1729
976	1958
977	348
977	1145
977	1630
977	1834
978	1098
978	1396
978	1401
978	1691
979	243
979	1231
979	1461
979	1890
980	309
980	617
980	1202
980	1532
981	32
981	379
981	1487
982	457
982	1116
982	1515
983	628
983	838
983	1728
984	183
984	1031
984	1269
984	1743
985	170
985	860
985	1094
986	145
986	868
986	1360
986	1798
986	1967
987	273
987	853
987	1880
988	179
988	957
988	1439
989	70
989	449
989	576
989	1212
990	8
990	34
990	109
990	1151
991	316
991	1588
991	1848
992	93
992	692
992	1610
993	526
993	911
993	1243
994	353
994	593
994	773
994	1272
995	905
995	1154
995	1266
996	80
996	1449
996	1480
996	2000
997	304
997	1035
997	1456
998	21
998	325
998	770
999	220
999	304
999	1955
1000	78
1000	681
1000	708
1001	772
1001	908
1001	1612
1002	305
1002	478
1002	1701
1003	185
1003	743
1003	764
1004	205
1004	320
1004	392
1004	873
1005	1101
1005	1446
1005	1986
1006	39
1006	720
1006	1195
1007	427
1007	508
1007	941
1007	1853
1008	56
1008	286
1008	1946
1009	420
1009	493
1009	1666
1009	1935
1010	196
1010	425
1010	432
1011	189
1011	203
1011	1263
1012	892
1012	1106
1012	1672
1013	880
1013	970
1013	1054
1014	187
1014	1340
1014	1770
1015	488
1015	1141
1015	1234
1015	1499
1016	162
1016	766
1016	931
1016	1457
1017	143
1017	354
1017	536
1018	1185
1018	1660
1018	1697
1019	506
1019	1380
1019	1409
1019	1929
1020	50
1020	148
1020	401
1021	141
1021	245
1021	869
1021	1485
1021	1977
1022	448
1022	1124
1022	1197
1022	1807
1022	1887
1023	22
1023	29
1023	126
1023	1297
1024	1128
1024	1383
1024	1412
1024	1720
1024	1811
1025	46
1025	1032
1025	1362
1025	1756
1026	235
1026	400
1026	760
1026	1995
1027	409
1027	562
1027	1133
1028	544
1028	1180
1028	1514
1029	533
1029	796
1029	1556
1029	1571
1029	1733
1030	365
1030	709
1030	1791
1031	183
1031	984
1031	1269
1031	1743
1032	115
1032	734
1032	1025
1032	1362
1033	56
1033	192
1033	893
1034	343
1034	364
1034	500
1035	197
1035	304
1035	997
1035	1456
1036	136
1036	298
1036	441
1036	848
1037	129
1037	1143
1037	1334
1037	1596
1038	35
1038	377
1038	543
1038	655
1038	1606
1039	138
1039	393
1039	622
1040	281
1040	633
1040	1622
1041	1058
1041	1234
1041	1567
1042	235
1042	545
1042	843
1043	152
1043	509
1043	1889
1043	1980
1044	171
1044	895
1044	1752
1044	1805
1044	1988
1045	934
1045	1182
1045	1334
1046	91
1046	764
1046	1363
1046	1794
1047	688
1047	1470
1047	1864
1048	186
1048	757
1048	1502
1048	1661
1049	745
1049	1183
1049	1776
1050	92
1050	437
1050	464
1050	1959
1051	151
1051	1354
1051	1675
1052	881
1052	1555
1052	1639
1052	1891
1053	321
1053	357
1053	455
1053	1868
1054	758
1054	854
1054	1013
1054	1438
1055	65
1055	531
1055	538
1055	1675
1055	1914
1056	175
1056	1148
1056	1952
1057	106
1057	845
1057	1259
1058	1041
1058	1234
1058	1567
1058	1611
1059	596
1059	713
1059	859
1059	1517
1059	1992
1060	61
1060	769
1060	1616
1061	233
1061	1406
1061	1499
1062	226
1062	297
1062	1948
1063	578
1063	1347
1063	1355
1063	1540
1063	1838
1064	556
1064	1405
1064	1700
1065	329
1065	780
1065	1428
1066	483
1066	577
1066	1115
1067	1205
1067	1288
1067	1458
1068	35
1068	278
1068	1726
1069	98
1069	1869
1069	1903
1070	1276
1070	1513
1070	1874
1071	350
1071	1147
1071	1826
1072	178
1072	844
1072	1308
1072	1440
1073	337
1073	368
1073	1576
1074	774
1074	1608
1074	1740
1075	1116
1075	1682
1075	1779
1076	1111
1076	1256
1076	1789
1077	405
1077	406
1077	1247
1078	93
1078	349
1078	461
1078	650
1078	1135
1079	189
1079	203
1079	249
1079	1263
1080	516
1080	794
1080	1400
1080	1477
1080	1644
1081	280
1081	1289
1081	1448
1082	99
1082	110
1082	355
1082	608
1082	1984
1083	292
1083	647
1083	816
1084	128
1084	286
1084	962
1084	1402
1085	957
1085	1621
1085	1665
1085	1905
1086	217
1086	1330
1086	1711
1087	140
1087	159
1087	1629
1088	480
1088	1781
1088	1975
1089	612
1089	1206
1089	1407
1089	1570
1090	430
1090	916
1090	1519
1090	1964
1091	438
1091	1792
1091	1832
1092	776
1092	943
1092	1188
1093	433
1093	603
1093	972
1093	1169
1094	170
1094	652
1094	985
1095	775
1095	1541
1095	1548
1096	419
1096	582
1096	631
1096	1670
1096	1781
1097	201
1097	624
1097	1749
1098	478
1098	629
1098	978
1098	1401
1098	1691
1099	161
1099	1272
1099	1663
1100	413
1100	571
1100	1264
1100	1904
1101	494
1101	1005
1101	1446
1102	355
1102	592
1102	1770
1103	1265
1103	1392
1103	1815
1104	353
1104	384
1104	1107
1104	1108
1104	1848
1105	1389
1105	1813
1105	1959
1106	892
1106	1012
1106	1406
1106	1672
1107	384
1107	1104
1107	1108
1107	1937
1108	149
1108	384
1108	1104
1108	1107
1108	1799
1109	284
1109	746
1109	1285
1109	1309
1109	1421
1110	694
1110	821
1110	1607
1111	356
1111	1076
1111	1256
1111	1789
1112	529
1112	651
1112	660
1113	219
1113	643
1113	1209
1114	573
1114	1542
1114	1808
1115	152
1115	483
1115	577
1115	1066
1116	982
1116	1075
1116	1682
1117	707
1117	807
1117	872
1117	1755
1118	101
1118	888
1118	1693
1118	1718
1118	1788
1119	42
1119	657
1119	948
1119	1377
1119	1932
1120	367
1120	929
1120	1715
1121	389
1121	883
1121	930
1122	277
1122	1388
1122	1805
1123	339
1123	861
1123	1264
1124	398
1124	448
1124	1022
1124	1197
1124	1807
1125	126
1125	681
1125	1242
1126	572
1126	959
1126	1307
1126	1397
1126	1957
1127	501
1127	1144
1127	1591
1128	81
1128	920
1128	1024
1128	1720
1128	1811
1129	31
1129	223
1129	545
1129	1918
1130	256
1130	1348
1130	1485
1130	1521
1130	1836
1131	26
1131	182
1131	1337
1131	1934
1132	169
1132	242
1132	747
1133	409
1133	562
1133	1027
1134	20
1134	275
1134	362
1134	939
1135	193
1135	349
1135	650
1135	1078
1136	328
1136	495
1136	1593
1136	1954
1137	698
1137	761
1137	1198
1137	1851
1138	117
1138	744
1138	1165
1138	1289
1138	1312
1139	811
1139	857
1139	1578
1140	111
1140	1183
1140	1275
1140	1522
1140	1981
1141	488
1141	830
1141	1015
1141	1249
1142	552
1142	1700
1142	1760
1142	1763
1143	129
1143	247
1143	675
1143	1037
1143	1596
1144	715
1144	1127
1144	1591
1145	504
1145	977
1145	1761
1146	28
1146	257
1146	1459
1147	123
1147	374
1147	1071
1148	17
1148	1056
1148	1306
1148	1855
1148	1952
1149	597
1149	761
1149	920
1150	324
1150	511
1150	1624
1150	1642
1151	34
1151	109
1151	990
1151	1291
1152	322
1152	1241
1152	1771
1152	1829
1153	417
1153	435
1153	1801
1154	189
1154	249
1154	995
1154	1263
1155	677
1155	825
1155	945
1156	17
1156	918
1156	1543
1156	1684
1157	8
1157	695
1157	1503
1158	166
1158	332
1158	769
1158	1184
1159	48
1159	292
1159	1341
1160	645
1160	1225
1160	1539
1160	1706
1160	1882
1161	133
1161	469
1161	1820
1162	1178
1162	1233
1162	1260
1162	1844
1163	839
1163	1251
1163	1300
1163	1518
1164	765
1164	1374
1164	1445
1164	1896
1164	1933
1165	117
1165	744
1165	1138
1165	1312
1165	1445
1166	55
1166	676
1166	786
1166	1246
1166	1674
1167	188
1167	958
1167	1694
1168	447
1168	652
1168	731
1168	791
1169	433
1169	603
1169	636
1169	972
1169	1093
1170	225
1170	852
1170	1220
1170	1614
1171	782
1171	1791
1171	1993
1172	1423
1172	1447
1172	1649
1173	1217
1173	1254
1173	1782
1173	1841
1174	154
1174	661
1174	704
1174	914
1174	1963
1175	252
1175	1462
1175	1822
1175	1846
1176	299
1176	635
1176	1433
1176	1835
1177	143
1177	345
1177	623
1178	1162
1178	1233
1178	1844
1179	11
1179	300
1179	1295
1179	1411
1179	1552
1180	1028
1180	1514
1180	1895
1181	231
1181	551
1181	1907
1182	730
1182	1045
1182	1334
1183	714
1183	1049
1183	1140
1183	1275
1183	1981
1184	166
1184	332
1184	1158
1185	174
1185	1018
1185	1347
1186	315
1186	738
1186	1431
1187	166
1187	609
1187	648
1188	776
1188	943
1188	1092
1189	363
1189	1498
1189	1845
1190	151
1190	495
1190	871
1191	453
1191	1494
1191	1531
1192	1646
1192	1729
1192	1958
1193	356
1193	1404
1193	1754
1194	585
1194	690
1194	1615
1195	443
1195	720
1195	1006
1196	601
1196	1287
1196	1371
1196	1623
1196	1989
1197	1022
1197	1124
1197	1807
1198	741
1198	761
1198	1137
1198	1851
1199	195
1199	429
1199	1482
1199	1566
1200	818
1200	1356
1200	1490
1200	1785
1200	1886
1201	522
1201	1426
1201	1618
1202	309
1202	617
1202	939
1202	980
1203	62
1203	621
1203	1390
1203	1961
1204	720
1204	915
1204	938
1205	575
1205	1067
1205	1288
1206	121
1206	209
1206	781
1206	951
1206	1089
1207	423
1207	770
1207	1857
1208	546
1208	952
1208	1304
1209	219
1209	737
1209	1113
1210	146
1210	564
1210	814
1211	520
1211	523
1211	726
1211	1915
1212	449
1212	514
1212	576
1212	989
1212	1972
1213	95
1213	210
1213	373
1213	1378
1213	1648
1214	415
1214	924
1214	1956
1214	1970
1215	718
1215	925
1215	1732
1216	281
1216	633
1216	1622
1217	729
1217	1173
1217	1782
1217	1841
1218	57
1218	489
1218	1396
1219	374
1219	548
1219	677
1219	1379
1220	876
1220	1170
1220	1724
1220	1940
1221	264
1221	345
1221	382
1221	439
1222	503
1222	1361
1222	1978
1223	200
1223	408
1223	547
1223	820
1224	558
1224	793
1224	1396
1225	645
1225	1160
1225	1514
1225	1539
1225	1706
1226	451
1226	542
1226	566
1226	1533
1227	1389
1227	1424
1227	1734
1228	298
1228	783
1228	1258
1229	1310
1229	1520
1229	1738
1230	137
1230	817
1230	1580
1231	243
1231	627
1231	979
1231	1461
1231	1890
1232	968
1232	1267
1232	1750
1232	1865
1233	23
1233	1162
1233	1178
1233	1844
1234	1015
1234	1041
1234	1058
1234	1589
1234	1611
1235	575
1235	689
1235	1468
1236	487
1236	1394
1236	1942
1236	1976
1237	84
1237	622
1237	1819
1238	1241
1238	1316
1238	1829
1239	786
1239	974
1239	1605
1240	509
1240	1590
1240	1795
1240	1996
1241	1152
1241	1238
1241	1829
1242	681
1242	1125
1242	1549
1243	911
1243	993
1243	1353
1244	768
1244	834
1244	1574
1245	194
1245	258
1245	446
1245	1839
1246	98
1246	676
1246	1166
1247	405
1247	406
1247	1077
1248	1270
1248	1382
1248	1434
1249	659
1249	1141
1249	1575
1250	64
1250	1292
1250	1554
1251	686
1251	839
1251	1163
1251	1300
1252	288
1252	606
1252	798
1252	811
1252	1563
1253	1443
1253	1643
1253	1664
1253	1908
1254	1173
1254	1669
1254	2000
1255	59
1255	426
1255	1345
1255	1680
1255	1767
1256	1076
1256	1111
1256	1789
1257	505
1257	619
1257	1587
1258	598
1258	783
1258	1228
1259	316
1259	1057
1259	1377
1260	537
1260	683
1260	1162
1261	323
1261	637
1261	656
1261	1467
1262	146
1262	372
1262	936
1262	1327
1262	1365
1263	189
1263	1011
1263	1079
1263	1154
1264	413
1264	1100
1264	1123
1264	1321
1264	1904
1265	294
1265	1103
1265	1392
1266	905
1266	995
1266	1945
1267	13
1267	968
1267	1232
1267	1750
1268	301
1268	611
1268	685
1268	1651
1268	1876
1269	183
1269	984
1269	1031
1270	1248
1270	1434
1270	1560
1271	902
1271	903
1271	1657
1271	1705
1272	161
1272	994
1272	1099
1273	571
1273	784
1273	841
1274	626
1274	662
1274	1748
1275	1140
1275	1183
1275	1522
1275	1944
1275	1981
1276	396
1276	1070
1276	1296
1276	1513
1277	254
1277	1492
1277	1620
1277	1784
1278	369
1278	507
1278	903
1279	232
1279	434
1279	961
1279	1387
1280	922
1280	1581
1280	1602
1281	414
1281	1393
1281	1878
1282	13
1282	293
1282	314
1282	727
1283	193
1283	1326
1283	1463
1283	1550
1284	63
1284	729
1284	1562
1285	132
1285	1109
1285	1309
1285	1421
1286	1368
1286	1454
1286	1455
1286	1635
1287	1196
1287	1371
1287	1623
1287	1919
1288	883
1288	1067
1288	1205
1289	280
1289	479
1289	1081
1289	1138
1289	1448
1290	849
1290	1508
1290	1951
1291	144
1291	265
1291	627
1291	1151
1291	1632
1292	64
1292	435
1292	1250
1292	1554
1293	295
1293	702
1293	1359
1293	1974
1293	1986
1294	603
1294	1714
1294	1997
1295	278
1295	300
1295	1179
1295	1552
1296	45
1296	1276
1296	1800
1297	737
1297	966
1297	1023
1297	1613
1298	266
1298	1839
1298	1929
1299	726
1299	1315
1299	1628
1300	363
1300	839
1300	1163
1300	1251
1301	257
1301	836
1301	867
1301	1637
1302	350
1302	436
1302	838
1303	313
1303	878
1303	1357
1303	1419
1303	1484
1304	952
1304	1208
1304	1343
1305	181
1305	325
1305	462
1305	1759
1306	175
1306	384
1306	1148
1306	1952
1307	572
1307	902
1307	1126
1307	1397
1308	195
1308	844
1308	1072
1308	1440
1309	282
1309	1109
1309	1285
1310	648
1310	1229
1310	1520
1310	1738
1311	235
1311	352
1311	400
1311	965
1311	1638
1312	117
1312	586
1312	744
1312	1138
1312	1165
1313	540
1313	1432
1313	1871
1314	207
1314	380
1314	900
1314	1363
1314	1724
1315	726
1315	763
1315	1299
1315	1772
1316	466
1316	623
1316	1238
1317	555
1317	695
1317	1626
1318	157
1318	178
1318	946
1318	959
1319	12
1319	394
1319	795
1320	388
1320	534
1320	688
1321	413
1321	1264
1321	1665
1322	703
1322	810
1322	1419
1322	1584
1322	1645
1323	74
1323	519
1323	646
1323	755
1324	412
1324	535
1324	782
1324	1369
1324	1493
1325	719
1325	1506
1325	1529
1325	1690
1326	1283
1326	1463
1326	1550
1327	4
1327	146
1327	1262
1327	1365
1328	361
1328	560
1328	1561
1328	1682
1329	955
1329	1331
1329	1609
1330	217
1330	1086
1330	1711
1331	473
1331	955
1331	1329
1331	1609
1332	851
1332	865
1332	1913
1333	525
1333	1422
1333	1429
1333	1862
1334	1037
1334	1045
1334	1182
1335	829
1335	1342
1335	1643
1336	70
1336	347
1336	875
1336	967
1337	41
1337	182
1337	1131
1337	1934
1338	331
1338	711
1338	819
1339	276
1339	560
1339	1625
1340	1014
1340	1716
1340	1770
1341	48
1341	134
1341	1159
1342	829
1342	1335
1342	1738
1343	546
1343	952
1343	1304
1344	288
1344	534
1344	1916
1345	59
1345	221
1345	638
1345	1255
1346	4
1346	565
1346	701
1347	174
1347	1063
1347	1185
1348	256
1348	808
1348	1130
1348	1836
1349	687
1349	1884
1349	1953
1350	89
1350	805
1350	1697
1351	654
1351	946
1351	1991
1352	635
1352	1491
1352	1769
1353	526
1353	911
1353	1243
1353	1931
1354	151
1354	1051
1354	1739
1354	1755
1355	578
1355	1063
1355	1540
1355	1838
1356	1200
1356	1490
1356	1886
1357	878
1357	956
1357	1303
1357	1419
1357	1484
1358	313
1358	317
1358	826
1358	1577
1359	84
1359	163
1359	1293
1359	1819
1360	145
1360	868
1360	986
1360	1490
1360	1798
1361	503
1361	893
1361	1222
1362	734
1362	1025
1362	1032
1362	1756
1363	91
1363	333
1363	764
1363	1046
1363	1314
1364	514
1364	1413
1364	1450
1365	146
1365	372
1365	1262
1365	1327
1366	135
1366	279
1366	1617
1367	610
1367	823
1367	1796
1368	89
1368	1286
1368	1454
1368	1635
1369	535
1369	782
1369	1324
1369	1493
1369	1819
1370	9
1370	407
1370	812
1371	716
1371	1196
1371	1287
1371	1623
1372	482
1372	501
1372	1945
1373	16
1373	97
1373	192
1374	940
1374	1164
1374	1445
1374	1933
1375	227
1375	367
1375	1701
1376	586
1376	837
1376	1900
1377	316
1377	1119
1377	1259
1378	210
1378	1213
1378	1648
1379	431
1379	548
1379	677
1379	1219
1380	506
1380	876
1380	1019
1380	1409
1381	97
1381	1516
1381	1804
1382	1248
1382	1559
1382	1747
1383	206
1383	563
1383	850
1383	1024
1384	540
1384	1432
1384	1816
1384	1871
1385	792
1385	1500
1385	1568
1386	36
1386	53
1386	1843
1387	6
1387	179
1387	1279
1387	1439
1388	277
1388	1122
1388	1739
1389	808
1389	1105
1389	1227
1389	1813
1390	621
1390	1203
1390	1590
1390	1961
1391	463
1391	605
1391	869
1391	1589
1392	1103
1392	1265
1392	1815
1393	414
1393	581
1393	1281
1393	1878
1394	315
1394	738
1394	1236
1394	1431
1395	128
1395	953
1395	1579
1395	1950
1396	793
1396	978
1396	1218
1396	1224
1396	1534
1397	387
1397	572
1397	1126
1397	1307
1397	1957
1398	165
1398	1483
1398	1497
1398	1561
1399	475
1399	756
1399	1966
1400	158
1400	1080
1400	1435
1401	144
1401	629
1401	978
1401	1098
1402	128
1402	962
1402	1084
1402	1946
1403	58
1403	369
1403	507
1403	796
1403	903
1404	153
1404	356
1404	1193
1404	1547
1404	1768
1405	556
1405	1064
1405	1700
1405	1968
1406	1061
1406	1106
1406	1499
1407	612
1407	1089
1407	1570
1408	751
1408	1505
1408	1996
1409	506
1409	1019
1409	1380
1410	1652
1410	1828
1410	1852
1411	398
1411	1179
1411	1897
1412	580
1412	632
1412	1024
1413	514
1413	1364
1413	1995
1414	202
1414	271
1414	887
1414	1528
1414	1574
1415	6
1415	49
1415	1765
1416	517
1416	1509
1416	1742
1417	1453
1417	1641
1417	1898
1418	625
1418	896
1418	1974
1418	1985
1419	878
1419	1303
1419	1322
1419	1357
1419	1484
1420	51
1420	856
1420	1579
1421	284
1421	1109
1421	1285
1422	343
1422	525
1422	1333
1422	1429
1422	1862
1423	1172
1423	1447
1423	1649
1424	960
1424	1227
1424	1734
1425	153
1425	361
1425	411
1426	1201
1426	1618
1426	1659
1427	378
1427	421
1427	1565
1427	1931
1428	329
1428	508
1428	1065
1429	1333
1429	1422
1429	1502
1429	1862
1430	43
1430	104
1430	306
1430	602
1431	315
1431	1186
1431	1394
1432	540
1432	666
1432	1313
1432	1384
1432	1871
1433	299
1433	635
1433	1176
1433	1835
1434	1248
1434	1270
1434	1746
1435	103
1435	158
1435	1400
1436	334
1436	692
1436	1716
1437	60
1437	167
1437	831
1437	1545
1437	1640
1438	758
1438	854
1438	1054
1439	179
1439	496
1439	988
1439	1387
1440	844
1440	1072
1440	1308
1441	682
1441	866
1441	1794
1441	1818
1442	524
1442	567
1442	570
1442	672
1443	897
1443	933
1443	1253
1443	1544
1444	88
1444	247
1444	442
1444	973
1445	1164
1445	1165
1445	1374
1445	1896
1445	1933
1446	199
1446	1005
1446	1101
1447	1172
1447	1423
1447	1649
1448	280
1448	479
1448	744
1448	1081
1448	1289
1449	80
1449	165
1449	996
1449	1480
1450	923
1450	1364
1450	1601
1451	1488
1451	1617
1451	1910
1452	545
1452	724
1452	843
1453	222
1453	1417
1453	1641
1453	1898
1454	1286
1454	1368
1454	1635
1455	855
1455	944
1455	1286
1456	148
1456	197
1456	304
1456	997
1456	1035
1457	162
1457	255
1457	766
1457	1016
1458	10
1458	559
1458	745
1458	1067
1458	1776
1459	28
1459	257
1459	1146
1460	404
1460	561
1460	1530
1461	979
1461	1231
1461	1890
1462	252
1462	1175
1462	1822
1463	1283
1463	1326
1463	1550
1463	1980
1464	291
1464	781
1464	951
1465	321
1465	459
1465	1983
1466	100
1466	322
1466	403
1467	323
1467	637
1467	656
1467	805
1467	1261
1468	575
1468	689
1468	1235
1469	119
1469	579
1469	1727
1470	537
1470	1047
1470	1864
1471	177
1471	255
1471	940
1472	108
1472	236
1472	482
1472	1865
1472	1944
1473	10
1473	570
1473	1776
1474	62
1474	1492
1474	1824
1474	1994
1475	397
1475	584
1475	739
1476	615
1476	712
1476	763
1477	213
1477	1080
1477	1644
1478	1686
1478	1885
1478	1943
1479	424
1479	760
1479	1699
1480	80
1480	996
1480	1449
1481	266
1481	929
1481	1662
1481	1778
1482	195
1482	1199
1482	1566
1483	262
1483	748
1483	1398
1483	1745
1483	1935
1484	878
1484	1303
1484	1357
1484	1419
1485	141
1485	245
1485	1021
1485	1130
1485	1977
1486	246
1486	1681
1486	1787
1487	32
1487	379
1487	981
1488	1451
1488	1686
1488	1910
1489	326
1489	472
1489	1507
1490	818
1490	1200
1490	1356
1490	1360
1490	1886
1491	73
1491	1352
1491	1769
1492	1277
1492	1474
1492	1620
1492	1784
1493	535
1493	782
1493	1324
1493	1369
1494	862
1494	1191
1494	1531
1495	484
1495	491
1495	526
1495	956
1495	1883
1496	41
1496	375
1496	1793
1497	165
1497	361
1497	468
1497	560
1497	1398
1498	363
1498	660
1498	1189
1499	233
1499	1015
1499	1061
1499	1406
1500	792
1500	1385
1500	1557
1500	1568
1500	1757
1501	228
1501	354
1501	1722
1502	757
1502	1048
1502	1429
1502	1661
1503	8
1503	88
1503	1157
1504	75
1504	490
1504	1806
1505	620
1505	751
1505	1408
1506	1325
1506	1656
1506	1688
1507	326
1507	472
1507	1489
1507	1544
1508	849
1508	1290
1508	1598
1508	1951
1509	285
1509	599
1509	1416
1510	899
1510	913
1510	973
1511	263
1511	422
1511	1928
1512	346
1512	500
1512	717
1513	396
1513	1070
1513	1276
1514	1028
1514	1180
1514	1225
1515	335
1515	457
1515	982
1516	1381
1516	1804
1516	1882
1517	859
1517	1059
1517	1992
1518	483
1518	577
1518	1163
1519	430
1519	1090
1519	1964
1520	1229
1520	1310
1520	1738
1520	1892
1521	499
1521	800
1521	1130
1521	1909
1522	1140
1522	1275
1522	1981
1523	125
1523	1735
1523	1919
1523	1941
1523	1982
1524	620
1524	667
1524	1925
1525	343
1525	500
1525	1825
1526	251
1526	357
1526	610
1527	370
1527	715
1527	843
1527	1676
1527	1803
1528	202
1528	271
1528	1414
1528	1979
1529	719
1529	1325
1529	1690
1530	404
1530	561
1530	1460
1531	329
1531	1191
1531	1494
1532	218
1532	802
1532	980
1533	336
1533	542
1533	1226
1534	540
1534	558
1534	793
1534	1396
1535	450
1535	460
1535	561
1536	96
1536	149
1536	1653
1537	792
1537	1894
1537	1999
1538	45
1538	113
1538	1667
1539	645
1539	1160
1539	1225
1539	1706
1540	578
1540	1063
1540	1355
1540	1623
1540	1838
1541	700
1541	1095
1541	1655
1542	573
1542	1114
1542	1808
1543	17
1543	1156
1543	1684
1544	746
1544	897
1544	933
1544	1443
1544	1507
1545	12
1545	60
1545	167
1545	1437
1545	1601
1546	156
1546	741
1546	1726
1547	127
1547	356
1547	1404
1547	1753
1547	1768
1548	700
1548	1095
1548	1655
1548	1719
1549	298
1549	723
1549	848
1549	931
1549	1242
1550	1283
1550	1326
1550	1463
1551	674
1551	1586
1551	1652
1552	11
1552	66
1552	300
1552	1179
1552	1295
1553	296
1553	311
1553	904
1553	948
1554	64
1554	1250
1554	1292
1555	359
1555	881
1555	1052
1555	1891
1556	533
1556	796
1556	1029
1556	1571
1556	1957
1557	124
1557	792
1557	1500
1558	116
1558	287
1558	391
1558	515
1558	1584
1559	1382
1559	1747
1559	1764
1560	155
1560	927
1560	1270
1561	165
1561	1328
1561	1398
1562	63
1562	73
1562	729
1562	1284
1563	288
1563	606
1563	798
1563	1252
1564	512
1564	954
1564	1758
1564	1981
1565	234
1565	421
1565	1427
1566	195
1566	1199
1566	1482
1567	1041
1567	1058
1567	1611
1568	792
1568	1385
1568	1500
1568	1680
1569	33
1569	184
1569	244
1569	806
1569	934
1570	612
1570	1089
1570	1407
1571	533
1571	796
1571	1029
1571	1556
1572	535
1572	1785
1572	1809
1572	1987
1573	108
1573	283
1573	341
1574	834
1574	1244
1574	1414
1574	1730
1574	1842
1575	659
1575	1249
1575	1723
1576	337
1576	1073
1576	1880
1577	313
1577	317
1577	944
1577	1358
1578	443
1578	786
1578	1139
1578	1674
1579	7
1579	953
1579	1395
1579	1420
1579	1950
1580	137
1580	817
1580	1230
1581	890
1581	1280
1581	1790
1582	649
1582	815
1582	1595
1582	1895
1583	24
1583	242
1583	820
1584	703
1584	810
1584	1322
1584	1558
1585	152
1585	509
1585	790
1585	1889
1586	674
1586	974
1586	1551
1587	505
1587	783
1587	1257
1588	573
1588	991
1588	1848
1589	463
1589	605
1589	1234
1589	1391
1590	684
1590	1240
1590	1390
1590	1795
1591	486
1591	1127
1591	1144
1592	208
1592	1681
1592	1823
1593	328
1593	403
1593	1136
1594	289
1594	714
1594	1937
1595	649
1595	815
1595	1582
1595	1862
1596	129
1596	1037
1596	1143
1597	44
1597	513
1597	539
1597	647
1598	115
1598	565
1598	1508
1599	234
1599	658
1599	1713
1599	1773
1600	487
1600	701
1600	1942
1600	1976
1601	923
1601	1450
1601	1545
1602	426
1602	922
1602	1280
1602	1875
1603	532
1603	724
1603	787
1603	1723
1603	1733
1604	1696
1604	1879
1604	1921
1605	38
1605	974
1605	1239
1606	377
1606	543
1606	1038
1607	491
1607	694
1607	821
1607	1110
1608	234
1608	774
1608	1074
1608	1740
1609	955
1609	1329
1609	1331
1610	692
1610	992
1610	1930
1611	1058
1611	1234
1611	1567
1612	48
1612	772
1612	908
1612	1001
1613	114
1613	737
1613	966
1613	1297
1614	225
1614	852
1614	1170
1615	72
1615	690
1615	860
1615	1194
1615	1832
1616	124
1616	769
1616	1060
1617	135
1617	279
1617	1366
1617	1451
1618	219
1618	1201
1618	1426
1619	613
1619	1719
1619	1796
1620	1277
1620	1492
1620	1784
1620	1863
1621	134
1621	215
1621	459
1621	1085
1622	281
1622	411
1622	633
1622	1040
1622	1216
1623	601
1623	1196
1623	1287
1623	1371
1623	1540
1624	477
1624	1150
1624	1797
1625	80
1625	276
1625	1339
1625	1930
1625	1987
1626	555
1626	695
1626	706
1626	1317
1627	105
1627	254
1627	846
1627	1881
1628	268
1628	847
1628	1299
1629	140
1629	159
1629	1087
1630	348
1630	977
1630	1834
1631	456
1631	889
1631	1867
1632	144
1632	265
1632	627
1632	1291
1632	1870
1633	270
1633	804
1633	1771
1634	530
1634	669
1634	787
1635	1286
1635	1368
1635	1454
1636	212
1636	645
1636	1936
1637	836
1637	867
1637	1301
1638	862
1638	1311
1638	1774
1639	206
1639	563
1639	850
1639	1052
1640	60
1640	69
1640	167
1640	1437
1641	1417
1641	1453
1641	1642
1641	1898
1642	54
1642	324
1642	511
1642	1150
1642	1641
1643	1253
1643	1335
1643	1664
1643	1908
1644	49
1644	516
1644	794
1644	1080
1644	1477
1645	703
1645	810
1645	1322
1646	718
1646	976
1646	1192
1646	1729
1647	103
1647	241
1647	428
1647	574
1647	591
1648	210
1648	373
1648	1213
1648	1378
1648	1854
1649	1172
1649	1423
1649	1447
1649	1939
1650	497
1650	735
1650	779
1650	906
1651	260
1651	301
1651	611
1651	1268
1651	1876
1652	1410
1652	1551
1652	1828
1652	1852
1653	149
1653	578
1653	1536
1654	618
1654	1854
1654	1858
1655	775
1655	1541
1655	1548
1656	432
1656	1506
1656	1688
1657	902
1657	1271
1657	1705
1658	785
1658	863
1658	1708
1658	1801
1659	260
1659	882
1659	1426
1659	1816
1660	135
1660	1018
1660	1697
1661	57
1661	757
1661	1048
1661	1502
1662	929
1662	1481
1662	1778
1662	1873
1663	390
1663	975
1663	1099
1664	503
1664	1253
1664	1643
1664	1908
1665	957
1665	1085
1665	1321
1665	1905
1666	420
1666	493
1666	1009
1667	113
1667	130
1667	1538
1668	634
1668	803
1668	949
1668	971
1669	439
1669	1254
1669	2000
1670	419
1670	582
1670	631
1670	1096
1671	52
1671	874
1671	1917
1672	217
1672	892
1672	1012
1672	1106
1673	204
1673	430
1673	595
1673	1923
1674	786
1674	1166
1674	1578
1675	65
1675	1051
1675	1055
1676	168
1676	370
1676	1527
1676	1803
1677	306
1677	583
1677	1954
1678	877
1678	1688
1678	1947
1679	191
1679	216
1679	471
1680	1255
1680	1568
1680	1767
1681	208
1681	1486
1681	1592
1681	1823
1682	1075
1682	1116
1682	1328
1683	350
1683	899
1683	916
1684	17
1684	448
1684	918
1684	1156
1684	1543
1685	72
1685	585
1685	667
1685	690
1686	1478
1686	1488
1686	1943
1687	75
1687	238
1687	399
1687	1779
1687	1990
1688	1506
1688	1656
1688	1678
1689	873
1689	1732
1689	1912
1690	719
1690	1325
1690	1529
1691	629
1691	978
1691	1098
1692	204
1692	440
1692	538
1692	832
1692	884
1693	76
1693	101
1693	1118
1693	1718
1693	1788
1694	188
1694	496
1694	810
1694	958
1694	1167
1695	811
1695	857
1695	1938
1696	173
1696	754
1696	1604
1697	1018
1697	1350
1697	1660
1698	426
1698	771
1698	1875
1699	497
1699	760
1699	1479
1700	556
1700	1064
1700	1142
1700	1405
1701	227
1701	1002
1701	1375
1702	120
1702	790
1702	901
1703	618
1703	642
1703	1888
1704	402
1704	870
1704	942
1704	1741
1704	1917
1705	902
1705	1271
1705	1657
1706	645
1706	1160
1706	1225
1706	1539
1707	26
1707	190
1707	238
1708	213
1708	785
1708	863
1708	1658
1709	274
1709	395
1709	1949
1710	267
1710	338
1710	528
1710	705
1711	487
1711	1086
1711	1330
1712	591
1712	626
1712	1989
1713	234
1713	658
1713	1599
1713	1773
1714	972
1714	1294
1714	1997
1715	367
1715	609
1715	1120
1716	334
1716	1340
1716	1436
1717	181
1717	728
1717	733
1718	76
1718	1118
1718	1693
1719	307
1719	613
1719	1548
1719	1619
1719	1830
1720	81
1720	1024
1720	1128
1720	1811
1721	86
1721	303
1721	932
1722	59
1722	228
1722	1501
1723	532
1723	724
1723	1575
1723	1603
1724	207
1724	380
1724	900
1724	1220
1724	1314
1725	114
1725	1731
1725	1746
1725	1956
1726	156
1726	741
1726	1068
1726	1546
1727	93
1727	119
1727	440
1727	579
1727	1469
1728	11
1728	838
1728	983
1729	976
1729	1192
1729	1646
1729	1958
1730	834
1730	1574
1730	1842
1731	114
1731	1725
1731	1746
1732	510
1732	873
1732	1215
1732	1689
1732	1912
1733	532
1733	724
1733	1029
1733	1603
1734	960
1734	1227
1734	1424
1735	125
1735	200
1735	1523
1735	1919
1735	1941
1736	82
1736	164
1736	1877
1736	1998
1737	260
1737	882
1737	1816
1738	1229
1738	1310
1738	1342
1738	1520
1739	151
1739	1354
1739	1388
1740	774
1740	1074
1740	1608
1741	225
1741	870
1741	942
1741	1704
1742	517
1742	574
1742	1416
1743	100
1743	183
1743	984
1743	1031
1744	198
1744	239
1744	327
1744	418
1745	102
1745	230
1745	370
1745	748
1745	1483
1746	114
1746	1434
1746	1725
1746	1731
1747	1382
1747	1559
1747	1764
1748	397
1748	662
1748	1274
1749	201
1749	624
1749	1097
1750	385
1750	968
1750	1232
1750	1267
1751	497
1751	779
1751	906
1752	1044
1752	1805
1752	1988
1753	356
1753	1547
1753	1754
1754	1193
1754	1753
1754	1768
1755	707
1755	807
1755	872
1755	1117
1755	1354
1756	46
1756	1025
1756	1362
1757	628
1757	1500
1757	1926
1758	492
1758	512
1758	712
1758	954
1758	1564
1759	181
1759	462
1759	600
1759	1305
1760	552
1760	762
1760	1142
1760	1763
1760	1901
1761	5
1761	504
1761	1145
1762	504
1762	598
1762	894
1762	1810
1763	552
1763	1142
1763	1760
1764	851
1764	1559
1764	1747
1765	6
1765	49
1765	517
1765	822
1765	1415
1766	69
1766	827
1766	963
1767	638
1767	1255
1767	1680
1768	1404
1768	1547
1768	1754
1769	276
1769	1352
1769	1491
1770	1014
1770	1102
1770	1340
1771	270
1771	804
1771	1152
1771	1633
1772	726
1772	847
1772	1315
1773	658
1773	1599
1773	1713
1774	358
1774	862
1774	1638
1775	318
1775	454
1775	608
1776	559
1776	1049
1776	1458
1776	1473
1777	38
1777	214
1777	753
1777	879
1778	929
1778	1481
1778	1662
1778	1873
1779	238
1779	399
1779	1075
1779	1687
1779	1990
1780	68
1780	474
1780	1962
1781	480
1781	1088
1781	1096
1781	1975
1782	1173
1782	1217
1782	1841
1783	250
1783	604
1783	742
1784	1277
1784	1492
1784	1620
1785	71
1785	1200
1785	1572
1785	1809
1786	777
1786	801
1786	1924
1787	246
1787	552
1787	1486
1788	76
1788	101
1788	949
1788	1118
1788	1693
1789	1076
1789	1111
1789	1256
1790	34
1790	890
1790	1581
1791	1030
1791	1171
1791	1993
1792	639
1792	1091
1792	1832
1793	41
1793	375
1793	388
1793	947
1793	1496
1794	866
1794	1046
1794	1441
1794	1818
1795	684
1795	1240
1795	1590
1796	823
1796	1367
1796	1619
1797	477
1797	556
1797	1624
1798	145
1798	868
1798	986
1798	1360
1799	384
1799	1108
1799	1924
1800	45
1800	825
1800	935
1800	1296
1800	1831
1801	435
1801	1153
1801	1658
1802	410
1802	441
1802	1901
1803	288
1803	370
1803	715
1803	1527
1803	1676
1804	1381
1804	1516
1804	1882
1805	895
1805	1044
1805	1122
1805	1752
1805	1988
1806	326
1806	490
1806	1504
1806	1982
1807	448
1807	1022
1807	1124
1807	1197
1807	1830
1808	573
1808	1114
1808	1542
1809	71
1809	1572
1809	1785
1810	598
1810	894
1810	1762
1811	81
1811	1024
1811	1128
1811	1720
1812	429
1812	875
1812	1971
1813	1105
1813	1389
1813	1959
1814	371
1814	456
1814	1966
1815	383
1815	1103
1815	1392
1816	882
1816	1384
1816	1659
1816	1737
1817	15
1817	79
1817	131
1817	138
1817	1837
1818	682
1818	866
1818	1441
1818	1794
1819	84
1819	1237
1819	1359
1819	1369
1820	5
1820	470
1820	1161
1821	147
1821	336
1821	780
1821	1892
1822	252
1822	1175
1822	1462
1823	208
1823	1592
1823	1681
1824	62
1824	779
1824	1474
1825	343
1825	364
1825	500
1825	717
1825	1525
1826	350
1826	436
1826	1071
1827	253
1827	711
1827	840
1827	891
1827	898
1828	237
1828	1410
1828	1652
1828	1852
1829	1152
1829	1238
1829	1241
1830	307
1830	613
1830	1719
1830	1807
1831	45
1831	935
1831	1800
1832	1091
1832	1615
1832	1792
1833	107
1833	549
1833	644
1834	348
1834	977
1834	1630
1835	887
1835	1176
1835	1433
1836	256
1836	808
1836	1130
1836	1348
1837	15
1837	138
1837	1817
1838	578
1838	1063
1838	1355
1838	1540
1839	194
1839	446
1839	1245
1839	1298
1839	1869
1840	37
1840	160
1840	736
1841	669
1841	1173
1841	1217
1841	1782
1842	834
1842	1574
1842	1730
1843	36
1843	53
1843	1386
1844	1162
1844	1178
1844	1233
1845	765
1845	950
1845	1189
1846	740
1846	1175
1846	1927
1847	237
1847	344
1847	733
1847	964
1847	1967
1848	991
1848	1104
1848	1588
1849	366
1849	673
1849	880
1850	594
1850	663
1850	698
1851	761
1851	1137
1851	1198
1852	1410
1852	1652
1852	1828
1853	47
1853	229
1853	508
1853	1007
1854	1648
1854	1654
1854	1858
1855	55
1855	351
1855	452
1855	616
1855	1148
1856	301
1856	424
1856	643
1857	423
1857	541
1857	1207
1858	457
1858	1654
1858	1854
1859	406
1859	586
1859	837
1859	1900
1860	1
1860	523
1860	730
1861	509
1861	1889
1861	1931
1861	1980
1862	525
1862	1333
1862	1422
1862	1429
1862	1595
1863	522
1863	704
1863	1620
1864	582
1864	1047
1864	1470
1865	236
1865	1232
1865	1472
1866	383
1866	585
1866	928
1867	670
1867	889
1867	1631
1868	455
1868	1053
1868	1893
1869	194
1869	258
1869	446
1869	1069
1869	1839
1870	139
1870	416
1870	809
1870	1632
1871	540
1871	1313
1871	1384
1871	1432
1872	67
1872	176
1872	678
1873	929
1873	1662
1873	1778
1874	111
1874	319
1874	1070
1875	426
1875	771
1875	1602
1875	1698
1876	685
1876	1268
1876	1651
1877	164
1877	1736
1877	1900
1878	414
1878	483
1878	581
1878	1281
1878	1393
1879	199
1879	1604
1879	1921
1880	273
1880	987
1880	1576
1881	105
1881	254
1881	613
1881	846
1881	1627
1882	1160
1882	1516
1882	1804
1883	484
1883	491
1883	1495
1884	687
1884	1349
1884	1953
1885	614
1885	910
1885	1478
1886	818
1886	1200
1886	1356
1886	1490
1887	497
1887	779
1887	1022
1888	618
1888	1703
1888	1897
1889	152
1889	1043
1889	1585
1889	1861
1889	1980
1890	243
1890	979
1890	1231
1890	1461
1891	881
1891	963
1891	1052
1891	1555
1892	336
1892	780
1892	1520
1892	1821
1893	710
1893	767
1893	789
1893	1868
1894	105
1894	642
1894	1537
1894	1999
1895	649
1895	815
1895	1180
1895	1582
1896	1164
1896	1445
1896	1933
1897	398
1897	1411
1897	1888
1898	1417
1898	1453
1898	1641
1899	569
1899	1951
1899	1978
1900	586
1900	837
1900	1376
1900	1859
1900	1877
1901	410
1901	441
1901	1760
1901	1802
1902	568
1902	614
1902	799
1902	842
1903	98
1903	828
1903	1069
1904	413
1904	1100
1904	1264
1905	957
1905	1085
1905	1665
1906	2
1906	14
1906	484
1906	697
1907	231
1907	551
1907	1181
1908	1253
1908	1643
1908	1664
1909	499
1909	800
1909	1521
1910	908
1910	1451
1910	1488
1911	131
1911	310
1911	673
1912	502
1912	510
1912	873
1912	1689
1912	1732
1913	30
1913	851
1913	865
1913	1332
1914	65
1914	531
1914	1055
1915	401
1915	468
1915	520
1915	523
1915	1211
1916	534
1916	767
1916	1344
1917	52
1917	874
1917	1671
1917	1704
1918	31
1918	223
1918	853
1918	1129
1919	125
1919	1287
1919	1523
1919	1735
1919	1941
1920	63
1920	267
1920	338
1920	528
1920	705
1921	183
1921	199
1921	1604
1921	1879
1922	96
1922	107
1922	381
1922	465
1923	204
1923	595
1923	1673
1924	777
1924	801
1924	1786
1924	1799
1925	86
1925	303
1925	932
1925	1524
1926	628
1926	947
1926	1757
1927	536
1927	740
1927	1846
1928	141
1928	263
1928	422
1928	1511
1929	266
1929	1019
1929	1298
1930	276
1930	1610
1930	1625
1930	1987
1931	421
1931	1353
1931	1427
1931	1861
1932	657
1932	948
1932	1119
1933	629
1933	1164
1933	1374
1933	1445
1933	1896
1934	182
1934	1131
1934	1337
1935	102
1935	262
1935	748
1935	1009
1935	1483
1936	212
1936	945
1936	1636
1937	714
1937	1107
1937	1594
1938	811
1938	857
1938	1695
1939	95
1939	394
1939	1649
1940	368
1940	835
1940	876
1940	1220
1941	110
1941	125
1941	1523
1941	1735
1941	1919
1942	1236
1942	1600
1942	1976
1943	226
1943	1478
1943	1686
1944	236
1944	1275
1944	1472
1945	501
1945	653
1945	1266
1945	1372
1946	286
1946	1008
1946	1402
1947	119
1947	877
1947	1678
1948	226
1948	778
1948	1062
1949	71
1949	274
1949	395
1949	1709
1950	953
1950	1395
1950	1579
1951	849
1951	1290
1951	1508
1951	1899
1952	175
1952	809
1952	1056
1952	1148
1952	1306
1953	687
1953	1349
1953	1884
1953	1997
1954	583
1954	1136
1954	1677
1955	174
1955	220
1955	921
1955	999
1956	912
1956	924
1956	1214
1956	1725
1957	422
1957	1126
1957	1397
1957	1556
1958	976
1958	1192
1958	1729
1959	1050
1959	1105
1959	1813
1960	39
1960	725
1960	1982
1961	621
1961	1203
1961	1390
1962	68
1962	474
1962	1780
1963	154
1963	185
1963	661
1963	1174
1964	430
1964	1090
1964	1519
1965	29
1965	244
1965	557
1965	735
1965	969
1966	756
1966	1399
1966	1814
1967	237
1967	344
1967	964
1967	986
1967	1847
1968	728
1968	733
1968	1405
1969	268
1969	595
1969	672
1969	847
1970	222
1970	458
1970	1214
1971	58
1971	209
1971	429
1971	875
1971	1812
1972	333
1972	375
1972	449
1972	576
1972	1212
1973	66
1973	777
1973	864
1974	702
1974	1293
1974	1418
1974	1986
1975	480
1975	1088
1975	1781
1976	487
1976	1236
1976	1600
1976	1942
1977	9
1977	245
1977	640
1977	1021
1977	1485
1978	569
1978	1222
1978	1899
1979	91
1979	271
1979	887
1979	1528
1980	152
1980	1043
1980	1463
1980	1861
1980	1889
1981	1140
1981	1183
1981	1275
1981	1522
1981	1564
1982	490
1982	1523
1982	1806
1982	1960
1983	229
1983	321
1983	1465
1984	99
1984	110
1984	608
1984	1082
1985	625
1985	896
1985	1418
1986	142
1986	702
1986	1005
1986	1293
1986	1974
1987	276
1987	1572
1987	1625
1987	1930
1988	771
1988	895
1988	1044
1988	1752
1988	1805
1989	626
1989	1196
1989	1712
1990	399
1990	1687
1990	1779
1991	261
1991	654
1991	946
1991	1351
1992	366
1992	596
1992	859
1992	1059
1992	1517
1993	352
1993	1171
1993	1791
1994	62
1994	878
1994	1474
1995	235
1995	400
1995	965
1995	1026
1995	1413
1996	684
1996	1240
1996	1408
1997	1294
1997	1714
1997	1953
1998	164
1998	637
1998	1736
1999	642
1999	1537
1999	1894
2000	996
2000	1254
2000	1669
